$ 1 0.000005 0.13386567243530942 50 5 50
f 384 368 336 368 0 1.5
f 336 256 384 256 1 1.5
v 16 272 16 176 0 0 40 9 0 0 0.5
g 16 272 16 304 0
r 192 272 192 336 0 100000
r 256 272 256 336 0 100000
c 192 336 256 336 0 5.0000000000000004e-8 8.688958637976887
s 192 336 112 336 0 1 true
g 112 336 112 368 0
c 448 304 448 368 0 1e-8 0.36440768438508186
r 448 368 528 368 0 300000
r 528 304 528 368 0 100000
d 192 384 192 336 1 0.805904783
w 256 336 336 336 0
w 336 336 336 352 0
w 336 336 336 256 0
w 384 272 448 272 0
w 448 272 448 304 0
w 448 272 528 272 0
w 528 272 528 304 0
w 448 368 384 368 0
w 528 368 528 416 0
w 528 416 192 416 0
w 192 416 192 384 0
w 384 240 384 176 0
w 256 272 192 272 0
w 192 272 192 176 0
w 384 176 192 176 0
w 16 176 192 176 0
g 336 384 336 464 0
165 816 288 864 288 2 8.91626109995036
r 752 256 752 320 0 10000
r 752 320 752 368 0 100000
c 752 368 752 416 0 5.0000000000000004e-8 5.361924401234126
g 752 416 752 432 0
w 816 384 816 416 0
w 816 384 752 368 0
w 816 320 752 320 0
w 880 256 752 256 0
w 752 256 528 272 0
r 944 352 1008 352 0 10000
r 1008 304 1008 352 0 2200
r 1008 352 1008 416 0 2200
c 1008 416 1008 464 0 1.0000000000000001e-7 3.52591436941278
g 1008 464 1008 496 0
165 1120 288 1168 288 2 8.91626109995036
w 1120 320 1008 352 0
w 1120 384 1120 416 0
w 1120 416 1008 416 0
w 1008 304 1008 256 0
c 1040 256 1040 288 0 1.0000000000000001e-7 8.916218513984086
g 1040 288 1040 304 0
w 880 256 1008 256 0
w 1008 256 1040 256 0
w 1040 256 1184 256 0
c 1248 352 1328 352 0 0.000001 4.200853762011177
181 1328 352 1328 448 0 27717.40780085914 0.01 1 0.004 0.004
g 1328 448 1328 480 0
w 944 320 1008 256 0
w 1248 320 1248 256 0
w 1248 256 1184 256 0
162 656 304 656 352 1 2.1024259 1 0 0
r 656 352 656 400 0 700
g 656 400 656 432 0
w 656 304 752 256 0
164 480 528 672 528 0 4 0 0 0 5 false
w 944 352 944 496 0
w 944 496 464 496 0
w 464 496 480 528 0
w 576 528 608 528 0
f 432 448 384 448 0 1.5
r 432 448 608 448 0 10000
g 384 464 384 496 0
w 176 496 176 352 0
w 176 352 192 336 0
w 608 448 608 528 0
w 384 368 384 432 0
f 176 496 224 496 1 1.5
r 480 624 480 688 0 2200
g 480 688 480 704 0
w 480 624 224 624 0
w 224 624 224 512 0
w 224 480 384 272 0
o 56 2 0 551 10 1.6 0 -1

