$ 1 0.000005 10.200277308269968 50 5 50
v 160 304 160 208 0 0 40 9 0 0 0.5
g 160 304 160 336 0
r 272 208 272 272 0 100000
r 336 208 336 272 0 100000
c 272 272 336 272 0 0.000001 8.483305270753329
s 272 272 208 272 0 1 true
g 208 272 208 320 0
w 160 208 272 208 0
w 272 208 336 208 0
f 368 272 416 272 1 1.5
f 416 352 368 352 0 1.5
w 336 208 416 208 0
w 416 208 416 256 0
w 368 272 368 336 0
g 368 368 368 400 0
w 368 272 336 272 0
r 416 352 496 352 0 300000
r 496 288 496 352 0 100000
c 416 288 416 352 0 5.0000000000000004e-8 7.3339475588014
w 496 352 496 448 0
w 496 448 272 448 0
w 416 288 496 288 0
162 576 288 576 352 1 2.1024259 1 0 0
r 576 352 576 400 0 680
w 496 288 576 288 0
g 576 400 576 416 0
d 272 336 272 272 1 0.805904783
w 272 336 272 448 0
r 640 288 640 352 0 10000000
d 688 352 688 288 1 0.805904783
c 640 496 640 560 0 1.0000000000000001e-7 1.5976583964944533
g 640 560 640 592 0
w 688 288 640 288 0
w 640 288 576 288 0
w 688 352 640 352 0
w 640 352 640 496 0
w 640 496 464 496 0
f 464 496 416 496 0 1.5
g 416 512 416 544 0
w 416 352 416 480 0
d 256 352 256 320 1 0.805904783
w 256 320 272 272 0
w 256 352 256 464 0
w 256 464 464 464 0
w 464 464 464 496 0
a 768 112 864 112 1 9 0 1000000
174 736 160 736 224 0 10000 0.9950000000000001 gain
g 736 224 736 256 0
r 832 32 768 32 0 1000000
w 768 32 736 32 0
w 736 32 736 128 0
w 736 128 736 160 0
w 768 128 736 128 0
w 864 112 864 32 0
w 864 32 832 32 0
r 912 112 912 176 0 100
w 912 112 960 112 0
g 912 176 912 208 0
w 912 176 960 176 0
p 960 112 960 176 0
w 912 112 864 112 0
w 768 96 704 96 0
c 672 96 672 160 0 1e-10 -0.0002082498114349897
r 672 96 640 96 0 330
r 608 96 608 160 0 1000000
c 608 96 544 96 0 1e-10 0.0001999176491475099
g 608 160 608 192 0
g 672 160 672 192 0
w 704 96 672 96 0
R 512 96 480 96 0 1 1200 0.0005 0 0 0.5
w 752 192 768 192 0
w 768 192 768 160 0
w 768 160 736 160 0
w 512 96 544 96 0
w 608 96 640 96 0
o 73 4 0 35 0.001220703125 0.00009765625 0 -1
o 74 4 0 35 0.0006103515625 0.00009765625 1 -1
o 61 4 0 35 0.0006103515625 0.00009765625 2 -1
o 59 2 0 550 10 0.00009765625 3 -1

